0.0640314
0.0525588
0.0522972
0.0532798
0.0451817
0.0541838
0.0722508
0.0507408
0.0711317
0.0572623
0.0662153
0.0498553
0.0664403
0.0465189
0.0697155
0.0897126
0.0650303
0.0552144
0.118446
0.0704751
0.0441331
0.0461629
0.0492922
0.117195
0.0498105
0.0577579
0.0565098
0.0633253
0.053361
0.0811921
0.112317
0.0557816
0.0545209
0.0708124
0.149278
0.0575138
0.0463802
0.0442467
0.0502523
0.0522291
0.0493993
0.05737
0.0710181
0.056265
0.0573957
0.115715
0.0796131
0.0583058
0.0480377
0.0700341
0.0570957
0.0487117
0.109025
0.130484
0.0905572
0.0630205
0.114406
0.0782541
0.150313
0.0497186
0.055871
0.110512
0.0559189
0.0862614
0.0538638
0.0545469
0.15828
0.175126
0.0656432
0.0570736
0.0466038
0.0831337
0.0521736
0.046268
0.0639515
0.05398
0.0554004
0.0541494
0.056514
0.050569
0.0893095
0.0503156
0.0584046
0.0735657
0.0640297
0.0516837
0.0961866
0.0514274
0.054129
0.0559393
0.0602535
0.125221
0.05366
0.0750926
0.055157
0.0586232
0.0524977
0.0608189
0.0504641
0.0761526
0.106489
0.115145
0.0497703
0.0546047
0.0510494
0.103009
0.0518931
0.056043
0.0506097
0.0509635
0.0467865
0.0651778
0.0977379
0.0589946
0.0483699
0.0561451
0.0804184
0.0569593
0.0463506
0.128764
0.0520705
0.0662691
0.0667396
0.0723639
0.0539828
0.0545808
0.0723347
0.0496342
0.0485707
0.0709035
0.0550098
0.0482845
0.0493701
0.0587258
0.145002
0.0974343
0.051202
0.0923315
0.150699
0.0625283
0.0482411
0.0579202
0.0481245
0.109105
0.055004
0.165671
0.0541881
0.0921394
0.0579497
0.14144
0.055822
0.154444
0.0529521
0.0558794
0.0620154
0.0938572
0.060079
0.053831
0.0618687
0.0548844
0.0520692
0.100604
0.049439
0.0516621
0.0571234
0.0908161
0.0773986
0.0522115
0.0551223
0.0584597
0.0524692
0.0506489
0.064204
0.0504019
0.06077
0.0466861
0.0526184
0.0677838
0.0529511
0.0577495
0.0500947
0.049081
0.130304
0.0474304
0.154964
0.112699
0.0512399
0.0682213
0.0480689
0.156532
0.0520831
0.0546233
0.0556255
0.0549935
0.0694362
0.0793804
0.0502201
0.0551376
0.0513951
0.0503896
0.0628579
0.0605219
0.0557429
0.1141
0.0521518
0.0549256
0.0503553
0.064862
0.0507765
0.12756
0.0553882
0.0458519
0.0730123
0.051506
0.057373
0.0603573
0.0588333
0.0538307
0.157488
0.0685412
0.0464551
0.0507164
0.0528463
0.0513118
0.0542919
0.0544586
0.0828609
0.129232
0.0477694
0.0502923
0.0761513
0.067321
0.0523364
0.144494
0.10455
0.122882
0.0573516
0.0790243
0.0706605
0.1276
0.0537018
0.0920561
0.0790074
0.0635251
0.0612307
0.0554443
0.056458
0.0530999
0.0936431
0.187557
0.0618953
0.050889
0.0861967
0.0801708
0.0843806
0.0957053
0.0489295
0.128404
0.0487824
0.0555703
0.0522677
0.0519429
0.0533803
0.0681234
0.0502866
0.0584436
0.0648445
0.0901508
0.0571507
0.105986
0.0528516
0.0571691
0.0402128
0.0503285
0.0880007
0.142239
0.0539459
0.0651952
0.0875336
0.141365
0.0476617
0.144854
0.0538059
0.183239
0.047297
0.0994039
0.0710814
0.0577434
0.0917383
0.0508735
0.0429835
0.0688013
0.174401
0.187288
0.0485639
0.110904
0.0495978
0.055366
0.0510513
0.0558826
